41 17
5 1 32 16
6 1 31 17
6 1 32 18
6 1 28 2 16
6 26 5 15
7 22 2 2 4 14
30 1 4 3 2 10
6 22 3 3 2 10
7 23 4 1 4 10
7 23 4 3 2 11
7 25 12 11
7 19 1 1 3 11
6 17 14
24 2 4 12
6 23 2 3 11
5 2 11 2 12 2 10
2 2 16 13 3 9
5 13 1 11 4 8
5 2 11 7 2 2 7
6 8 1 4 2 2 3 6
3 7 5 2 4 5 3 6
5 4 2 1 3 4 3 6
2 2 1 1 1 7 8 3 5
7 4 3 3 5 6 2 5
4 1 17 8 2 5
2 1 3 3 3 2 9 2 5
2 1 6 3 1 9 2 5
1 1 2 4 5 2 1 5
1 3 1 3 2 2 1 2 4
1 2 2 2 1 1 3 2 2 4
1 1 1 2 3 1 2 3 4
1 1 1 1 1 1 3 6
1 2 2 5 1 2 3 4
1 3 3 2 2 5 3
1 1 2 1 6 3
1 4 1 1 9 2
1 1 1 2 3 9 2
1 1 2 7 8 2
1 3 2 2 5 2 1
1 1 2 4 2 3 3 1
1 2 1 3 3 2 3 1
1 2 3 1 4 1
1 3 3 4 3 2 2
1 1 9 2 2 3 1
1 1 6 1 1 3 2
1 1 2 6 2 2 2 2
1 1 4 6 3 2 3
1 3 2 8 2 2
1 4 1 4 3 3
3 1 3 1 5 2 3
4 3 3 6 3 2
2 3 1 1 3 1 4 2 2
4 1 1 14 2 3 2
2 3 4 7 1 5
5 1 1 4 4 2 2
14 5 3 4
6 5 4 2 2 3
5 4 5 3 4 1
9 6 3 22
#
60
28 10
17 5 2 2 1 5
21 4 9
25 1 6
1 14 2 1 4 1 3 2 1
1 2 4 1 2 1 2 2 2 6 1 1 1 1 2
5 1 1 4 1 3 1 1 1 1 6 2 1 5
1 2 4 1 4 1 2 2 2 1 3 1 1 1 4
1 13 2 1 1 4 3 2 3 3
25 5
21 1 2 2 2 1
24 1 5 2
26 1 2 2
22 4 4 3
28 4 3
24 4 3 4 4
21 3 1 2 2 1 5
20 10 8 7
18 3 5 2 6 2 6
20 3 1 1 4 4 8
16 1 1 1 1 2 2 4 3 2
17 3 3 2 2 2 5 1
17 6 5 1 2 2
14 1 7 5 2 4
18 2 3 7 1 2
13 4 2 1 11
12 3 2 9
13 4 2 8
12 5 6
6 5 6 3
7 1 7 1
8 2 7
6 2 7
6 2 5 3
5 5 7 2 3
5 3 1 1 3 2 6
4 3 1 1 3 9 3 3
4 3 2 2 14 2 2 5
6 3 1 9 2 2 4 1 6 2
2 4 2 3 8 2 8 2 2 5 2
1 3 1 3 5 2 2 5 3 3 1
1 5 1 2 3 5 5 2 1
1 2 6 2 3 6 2 1
5 4 4 12 4 1
6 1 2 3 9 7 1
7 3 4 14 1
9 2 4 9 1
9 2 4 2 1
7 6 2 3 2 1
17 3 3 4 1
18 2 2 2 2 1
19 2 4 2 1
20 1 2 1 1
23 2 2 1
29 1 4 1
34 2 1
36 2 1
39 2 1
43 3

